44720197 101
  34093 31
  34972 32
  36131 33
  37347 34
  38676 35
  40400 36
  41732 37
  42426 38
  43997 39
  45294 40
  46317 41
  47563 42
  48842 43
  49037 44
  50244 45
  51165 46
  52074 47
  53629 48
  55031 49
  54511 50
  56383 51
  57535 52
  58641 53
  59366 54
  59575 55
  61169 56
  61780 57
  62038 58
  61294 59
  61973 60
  63847 61
  64100 62
  64670 63
  65199 64
  65784 65
  66171 66
  65564 67
  66499 68
  67623 69
  67939 70
  63325 71
  44023 72
  49212 73
  57878 74
  65460 75
  67397 76
  74263 77
  81976 78
  90107 79
  97054 80
 106065 81
 116020 82
 126873 83
 137213 84
 149916 85
 166976 86
  20006 87
  22983 88
  26488 89
  33036 90
  40937 91
  57208 92
  85474 93
 120586 94
 109809 95
  93733 96
