43663835 101
  44435 31
  45738 32
  46827 33
  48184 34
  49167 35
  50131 36
  51399 37
  52850 38
  53633 39
  53947 40
  54621 41
  55688 42
  55310 43
  55913 44
  55876 45
  51001 46
  42929 47
  44613 48
  48653 49
  50984 50
  48565 51
  52423 52
  55342 53
  58382 54
  60585 55
  61928 56
  63484 57
  64996 58
  66837 59
  68838 60
  70884 61
  72616 62
  74402 63
  75494 64
  77738 65
  80720 66
  83069 67
  85828 68
  89001 69
  91303 70
  94561 71
  98830 72
 102765 73
 106640 74
 112214 75
 118222 76
 124640 77
 130629 78
 137497 79
 144652 80
 155960 81
 166731 82
 178740 83
 192266 84
 209459 85
 230581 86
  20206 87
  23018 88
  26559 89
  32865 90
  40997 91
  56753 92
  84104 93
 118887 94
 107672 95
  91229 96
